{
 "cells": [
  {
   "cell_type": "markdown",
   "metadata": {},
   "source": [
    "### Import `libraries`"
   ]
  },
  {
   "cell_type": "code",
   "execution_count": 1,
   "metadata": {},
   "outputs": [],
   "source": [
    "from pyspark.sql import SparkSession,functions, Window\n",
    "from pyspark.sql.functions import *\n",
    "from pyspark.sql.types import IntegerType,BooleanType,DateType, TimestampType,LongType,DecimalType,  DoubleType, StringType, ArrayType, LongType,StructField, StructType\n",
    "import os\n",
    "os.environ['PYSPARK_SUBMIT_ARGS'] = '--packages org.apache.spark:spark-streaming-kafka-0-10_2.12:3.2.0,org.apache.spark:spark-sql-kafka-0-10_2.12:3.2.0 pyspark-shell'\n",
    "import sys\n",
    "os.environ[\"PYARROW_IGNORE_TIMEZONE\"] = \"1\"\n",
    "import pyspark.pandas as ps\n",
    "os.environ['PYSPARK_PYTHON'] = sys.executable\n",
    "os.environ['PYSPARK_DRIVER_PYTHON'] = sys.executable\n",
    "from datetime import datetime\n"
   ]
  },
  {
   "cell_type": "markdown",
   "metadata": {},
   "source": [
    "### Create `SparkSession` to read data from Kafka as source"
   ]
  },
  {
   "cell_type": "code",
   "execution_count": 2,
   "metadata": {},
   "outputs": [
    {
     "name": "stdout",
     "output_type": "stream",
     "text": [
      "\u001b[92m Spark Session was successfully created\n"
     ]
    },
    {
     "data": {
      "text/html": [
       "\n",
       "            <div>\n",
       "                <p><b>SparkSession - in-memory</b></p>\n",
       "                \n",
       "        <div>\n",
       "            <p><b>SparkContext</b></p>\n",
       "\n",
       "            <p><a href=\"http://192.168.0.14:4040\">Spark UI</a></p>\n",
       "\n",
       "            <dl>\n",
       "              <dt>Version</dt>\n",
       "                <dd><code>v3.4.1</code></dd>\n",
       "              <dt>Master</dt>\n",
       "                <dd><code>local[*]</code></dd>\n",
       "              <dt>AppName</dt>\n",
       "                <dd><code>Streaming from Kafka</code></dd>\n",
       "            </dl>\n",
       "        </div>\n",
       "        \n",
       "            </div>\n",
       "        "
      ],
      "text/plain": [
       "<pyspark.sql.session.SparkSession at 0x285a2506710>"
      ]
     },
     "execution_count": 2,
     "metadata": {},
     "output_type": "execute_result"
    }
   ],
   "source": [
    "def SparkSessionStreamingData():\n",
    "    LoadingDriver = r\"x\"\n",
    "    try:\n",
    "        spark = SparkSession \\\n",
    "        .builder \\\n",
    "        .appName(\"Streaming from Kafka\") \\\n",
    "        .config(\"spark.streaming.stopGracefullyOnShutdown\", True) \\\n",
    "        .config('spark.jars.packages', 'org.apache.spark:spark-sql-kafka-0-10_2.12:3.3.0') \\\n",
    "        .config(\"spark.sql.shuffle.partitions\", 4) \\\n",
    "        .config(\"spark.driver.extraClassPath\",LoadingDriver) \\\n",
    "        .master(\"local[*]\") \\\n",
    "        .getOrCreate()\n",
    "        print(\"\\033[92m Spark Session was successfully created\")\n",
    "    except  Exception:\n",
    "        print(\"\\033[91m Spark Session wasn't successfully created\")\n",
    "    return spark \n",
    "\n",
    "spark = SparkSessionStreamingData()\n",
    "spark \n"
   ]
  },
  {
   "cell_type": "markdown",
   "metadata": {},
   "source": [
    "### Creating a `Kafka Source` for Streaming Quries"
   ]
  },
  {
   "cell_type": "code",
   "execution_count": 3,
   "metadata": {},
   "outputs": [
    {
     "name": "stdout",
     "output_type": "stream",
     "text": [
      "\u001b[92m a Kafka Source for Streaming queries was successfully created\n"
     ]
    }
   ],
   "source": [
    "def ReadingDataFromKafka():\n",
    "    topic_name = 'SmokeDetection'\n",
    "    localhost = 'localhost:9092'\n",
    "    try:\n",
    "        df = spark \\\n",
    "            .read \\\n",
    "            .format(\"kafka\") \\\n",
    "            .option(\"kafka.bootstrap.servers\", localhost) \\\n",
    "            .option(\"subscribe\", topic_name) \\\n",
    "            .load()\n",
    "        print(\"\\033[92m a Kafka Source for Streaming queries was successfully created\")\n",
    "    except Exception:\n",
    "        print(\"\\033[91m a Kafka Source for Streaming queries wasn't successfully created\")\n",
    "    return df   \n",
    "\n",
    "df =ReadingDataFromKafka()"
   ]
  },
  {
   "cell_type": "markdown",
   "metadata": {},
   "source": [
    "### Creating `Streaming DataFrames` and `streaming datasets`"
   ]
  },
  {
   "cell_type": "code",
   "execution_count": 4,
   "metadata": {},
   "outputs": [
    {
     "name": "stdout",
     "output_type": "stream",
     "text": [
      "+----+--------------------------------------------------------------------------------------------------------------------------------------------------------------------------------------------------------------------------------------------------------------------------------------+\n",
      "|key |value                                                                                                                                                                                                                                                                                 |\n",
      "+----+--------------------------------------------------------------------------------------------------------------------------------------------------------------------------------------------------------------------------------------------------------------------------------------+\n",
      "|null|{\"UTC\": 1654753115, \"Temperature[C]\": 18.363, \"Humidity[%]\": 52.94, \"TVOC[ppb]\": 1195, \"eCO2[ppm]\": 400, \"Raw H2\": 12927, \"Raw Ethanol\": 19427, \"Pressure[hPa]\": 938.708, \"PM1.0\": 1.78, \"PM2.5\": 1.85, \"NC0.5\": 12.27, \"NC1.0\": 1.913, \"NC2.5\": 0.043, \"CNT\": 19784, \"Fire Alarm\": 1}|\n",
      "|null|{\"UTC\": 1654716464, \"Temperature[C]\": 39.16, \"Humidity[%]\": 34.92, \"TVOC[ppb]\": 3118, \"eCO2[ppm]\": 400, \"Raw H2\": 13137, \"Raw Ethanol\": 19837, \"Pressure[hPa]\": 936.86, \"PM1.0\": 1.04, \"PM2.5\": 1.08, \"NC0.5\": 7.17, \"NC1.0\": 1.118, \"NC2.5\": 0.025, \"CNT\": 4277, \"Fire Alarm\": 0}    |\n",
      "|null|{\"UTC\": 1655125060, \"Temperature[C]\": 8.198, \"Humidity[%]\": 41.58, \"TVOC[ppb]\": 55, \"eCO2[ppm]\": 426, \"Raw H2\": 12790, \"Raw Ethanol\": 20695, \"Pressure[hPa]\": 937.537, \"PM1.0\": 1.93, \"PM2.5\": 2.01, \"NC0.5\": 13.3, \"NC1.0\": 2.074, \"NC2.5\": 0.047, \"CNT\": 752, \"Fire Alarm\": 0}      |\n",
      "|null|{\"UTC\": 1654784502, \"Temperature[C]\": 24.34, \"Humidity[%]\": 54.16, \"TVOC[ppb]\": 1412, \"eCO2[ppm]\": 413, \"Raw H2\": 12971, \"Raw Ethanol\": 19380, \"Pressure[hPa]\": 938.709, \"PM1.0\": 1.9, \"PM2.5\": 1.98, \"NC0.5\": 13.1, \"NC1.0\": 2.043, \"NC2.5\": 0.046, \"CNT\": 23159, \"Fire Alarm\": 1}   |\n",
      "|null|{\"UTC\": 1654745960, \"Temperature[C]\": 20.417, \"Humidity[%]\": 46.87, \"TVOC[ppb]\": 1042, \"eCO2[ppm]\": 557, \"Raw H2\": 12836, \"Raw Ethanol\": 19464, \"Pressure[hPa]\": 938.97, \"PM1.0\": 2.25, \"PM2.5\": 2.34, \"NC0.5\": 15.48, \"NC1.0\": 2.414, \"NC2.5\": 0.055, \"CNT\": 12629, \"Fire Alarm\": 1} |\n",
      "|null|{\"UTC\": 1654741585, \"Temperature[C]\": -4.452, \"Humidity[%]\": 56.23, \"TVOC[ppb]\": 324, \"eCO2[ppm]\": 400, \"Raw H2\": 13102, \"Raw Ethanol\": 19945, \"Pressure[hPa]\": 939.435, \"PM1.0\": 0.32, \"PM2.5\": 0.33, \"NC0.5\": 2.19, \"NC1.0\": 0.342, \"NC2.5\": 0.008, \"CNT\": 8254, \"Fire Alarm\": 1}   |\n",
      "|null|{\"UTC\": 1654766211, \"Temperature[C]\": 21.85, \"Humidity[%]\": 51.25, \"TVOC[ppb]\": 15, \"eCO2[ppm]\": 400, \"Raw H2\": 13262, \"Raw Ethanol\": 20209, \"Pressure[hPa]\": 939.696, \"PM1.0\": 2.24, \"PM2.5\": 2.33, \"NC0.5\": 15.4, \"NC1.0\": 2.402, \"NC2.5\": 0.054, \"CNT\": 4868, \"Fire Alarm\": 1}     |\n",
      "|null|{\"UTC\": 1654781351, \"Temperature[C]\": 27.06, \"Humidity[%]\": 47.55, \"TVOC[ppb]\": 1226, \"eCO2[ppm]\": 406, \"Raw H2\": 12924, \"Raw Ethanol\": 19423, \"Pressure[hPa]\": 938.748, \"PM1.0\": 1.69, \"PM2.5\": 1.75, \"NC0.5\": 11.6, \"NC1.0\": 1.809, \"NC2.5\": 0.041, \"CNT\": 20008, \"Fire Alarm\": 1}  |\n",
      "|null|{\"UTC\": 1654733872, \"Temperature[C]\": 25.62, \"Humidity[%]\": 49.89, \"TVOC[ppb]\": 11, \"eCO2[ppm]\": 400, \"Raw H2\": 12813, \"Raw Ethanol\": 19802, \"Pressure[hPa]\": 939.804, \"PM1.0\": 0.24, \"PM2.5\": 0.25, \"NC0.5\": 1.69, \"NC1.0\": 0.263, \"NC2.5\": 0.006, \"CNT\": 541, \"Fire Alarm\": 0}      |\n",
      "|null|{\"UTC\": 1654762001, \"Temperature[C]\": 12.71, \"Humidity[%]\": 51.8, \"TVOC[ppb]\": 33, \"eCO2[ppm]\": 400, \"Raw H2\": 12868, \"Raw Ethanol\": 19818, \"Pressure[hPa]\": 939.812, \"PM1.0\": 0.29, \"PM2.5\": 0.3, \"NC0.5\": 1.99, \"NC1.0\": 0.311, \"NC2.5\": 0.007, \"CNT\": 658, \"Fire Alarm\": 0}        |\n",
      "|null|{\"UTC\": 1654716032, \"Temperature[C]\": 24.75, \"Humidity[%]\": 45.55, \"TVOC[ppb]\": 0, \"eCO2[ppm]\": 400, \"Raw H2\": 13298, \"Raw Ethanol\": 21178, \"Pressure[hPa]\": 937.325, \"PM1.0\": 1.58, \"PM2.5\": 1.65, \"NC0.5\": 10.91, \"NC1.0\": 1.701, \"NC2.5\": 0.038, \"CNT\": 3845, \"Fire Alarm\": 0}     |\n",
      "|null|{\"UTC\": 1654739597, \"Temperature[C]\": -7.83, \"Humidity[%]\": 48.93, \"TVOC[ppb]\": 175, \"eCO2[ppm]\": 400, \"Raw H2\": 13169, \"Raw Ethanol\": 20096, \"Pressure[hPa]\": 939.644, \"PM1.0\": 0.93, \"PM2.5\": 0.96, \"NC0.5\": 6.37, \"NC1.0\": 0.994, \"NC2.5\": 0.022, \"CNT\": 6266, \"Fire Alarm\": 1}    |\n",
      "|null|{\"UTC\": 1654716041, \"Temperature[C]\": 24.49, \"Humidity[%]\": 46.39, \"TVOC[ppb]\": 16, \"eCO2[ppm]\": 400, \"Raw H2\": 13271, \"Raw Ethanol\": 21133, \"Pressure[hPa]\": 937.163, \"PM1.0\": 1.72, \"PM2.5\": 1.78, \"NC0.5\": 11.81, \"NC1.0\": 1.842, \"NC2.5\": 0.042, \"CNT\": 3854, \"Fire Alarm\": 0}    |\n",
      "|null|{\"UTC\": 1654777966, \"Temperature[C]\": 26.2, \"Humidity[%]\": 52.06, \"TVOC[ppb]\": 1122, \"eCO2[ppm]\": 400, \"Raw H2\": 12896, \"Raw Ethanol\": 19445, \"Pressure[hPa]\": 938.774, \"PM1.0\": 1.73, \"PM2.5\": 1.8, \"NC0.5\": 11.92, \"NC1.0\": 1.859, \"NC2.5\": 0.042, \"CNT\": 16623, \"Fire Alarm\": 1}   |\n",
      "|null|{\"UTC\": 1654782099, \"Temperature[C]\": 24.41, \"Humidity[%]\": 53.23, \"TVOC[ppb]\": 1210, \"eCO2[ppm]\": 400, \"Raw H2\": 12962, \"Raw Ethanol\": 19419, \"Pressure[hPa]\": 938.719, \"PM1.0\": 2.3, \"PM2.5\": 2.39, \"NC0.5\": 15.82, \"NC1.0\": 2.466, \"NC2.5\": 0.056, \"CNT\": 20756, \"Fire Alarm\": 1}  |\n",
      "|null|{\"UTC\": 1654717531, \"Temperature[C]\": 56.22, \"Humidity[%]\": 12.0, \"TVOC[ppb]\": 11588, \"eCO2[ppm]\": 400, \"Raw H2\": 13190, \"Raw Ethanol\": 19282, \"Pressure[hPa]\": 936.711, \"PM1.0\": 14.39, \"PM2.5\": 16.33, \"NC0.5\": 95.63, \"NC1.0\": 17.089, \"NC2.5\": 1.68, \"CNT\": 5344, \"Fire Alarm\": 0}|\n",
      "|null|{\"UTC\": 1655128668, \"Temperature[C]\": 20.79, \"Humidity[%]\": 27.06, \"TVOC[ppb]\": 12050, \"eCO2[ppm]\": 443, \"Raw H2\": 12795, \"Raw Ethanol\": 19191, \"Pressure[hPa]\": 936.879, \"PM1.0\": 0.57, \"PM2.5\": 0.6, \"NC0.5\": 3.96, \"NC1.0\": 0.617, \"NC2.5\": 0.014, \"CNT\": 4360, \"Fire Alarm\": 0}   |\n",
      "|null|{\"UTC\": 1654753435, \"Temperature[C]\": 15.607, \"Humidity[%]\": 51.74, \"TVOC[ppb]\": 1136, \"eCO2[ppm]\": 400, \"Raw H2\": 12942, \"Raw Ethanol\": 19449, \"Pressure[hPa]\": 938.711, \"PM1.0\": 1.48, \"PM2.5\": 1.54, \"NC0.5\": 10.18, \"NC1.0\": 1.588, \"NC2.5\": 0.036, \"CNT\": 20104, \"Fire Alarm\": 1}|\n",
      "|null|{\"UTC\": 1654756942, \"Temperature[C]\": -19.738, \"Humidity[%]\": 47.69, \"TVOC[ppb]\": 1434, \"eCO2[ppm]\": 422, \"Raw H2\": 12963, \"Raw Ethanol\": 19369, \"Pressure[hPa]\": 938.699, \"PM1.0\": 1.64, \"PM2.5\": 1.71, \"NC0.5\": 11.31, \"NC1.0\": 1.763, \"NC2.5\": 0.04, \"CNT\": 23611, \"Fire Alarm\": 1}|\n",
      "|null|{\"UTC\": 1654716791, \"Temperature[C]\": 57.98, \"Humidity[%]\": 16.13, \"TVOC[ppb]\": 40870, \"eCO2[ppm]\": 856, \"Raw H2\": 12572, \"Raw Ethanol\": 18613, \"Pressure[hPa]\": 936.903, \"PM1.0\": 0.81, \"PM2.5\": 0.84, \"NC0.5\": 5.58, \"NC1.0\": 0.87, \"NC2.5\": 0.02, \"CNT\": 4604, \"Fire Alarm\": 0}    |\n",
      "+----+--------------------------------------------------------------------------------------------------------------------------------------------------------------------------------------------------------------------------------------------------------------------------------------+\n",
      "only showing top 20 rows\n",
      "\n"
     ]
    }
   ],
   "source": [
    "df.selectExpr(\"CAST(key AS STRING)\", \"CAST(value AS STRING)\").show(truncate=False)"
   ]
  },
  {
   "cell_type": "markdown",
   "metadata": {},
   "source": [
    "### Reading `JSON data` from a DataFrame column"
   ]
  },
  {
   "cell_type": "code",
   "execution_count": 5,
   "metadata": {},
   "outputs": [
    {
     "name": "stdout",
     "output_type": "stream",
     "text": [
      "root\n",
      " |-- key: binary (nullable = true)\n",
      " |-- value: binary (nullable = true)\n",
      " |-- topic: string (nullable = true)\n",
      " |-- partition: integer (nullable = true)\n",
      " |-- offset: long (nullable = true)\n",
      " |-- timestamp: timestamp (nullable = true)\n",
      " |-- timestampType: integer (nullable = true)\n",
      "\n"
     ]
    }
   ],
   "source": [
    "df.printSchema()"
   ]
  },
  {
   "cell_type": "markdown",
   "metadata": {},
   "source": [
    "### Parsing value from `binary to string`"
   ]
  },
  {
   "cell_type": "code",
   "execution_count": 6,
   "metadata": {},
   "outputs": [
    {
     "data": {
      "text/plain": [
       "DataFrame[value: string]"
      ]
     },
     "execution_count": 6,
     "metadata": {},
     "output_type": "execute_result"
    }
   ],
   "source": [
    "json_df = df.selectExpr(\"cast(value as string) as value\")\n",
    "json_df"
   ]
  },
  {
   "cell_type": "markdown",
   "metadata": {},
   "source": [
    "### Parsing the `JSON values from the Data Frame` column"
   ]
  },
  {
   "cell_type": "code",
   "execution_count": 7,
   "metadata": {},
   "outputs": [
    {
     "name": "stdout",
     "output_type": "stream",
     "text": [
      "+-----+----------+-----------+-----+------+-----+-----+-----+-------------+-----------+------+---------+--------------+----------+---------+\n",
      "|CNT  |Fire Alarm|Humidity[%]|NC0.5|NC1.0 |NC2.5|PM1.0|PM2.5|Pressure[hPa]|Raw Ethanol|Raw H2|TVOC[ppb]|Temperature[C]|UTC       |eCO2[ppm]|\n",
      "+-----+----------+-----------+-----+------+-----+-----+-----+-------------+-----------+------+---------+--------------+----------+---------+\n",
      "|19784|1         |52.94      |12.27|1.913 |0.043|1.78 |1.85 |938.708      |19427      |12927 |1195     |18.363        |1654753115|400      |\n",
      "|4277 |0         |34.92      |7.17 |1.118 |0.025|1.04 |1.08 |936.86       |19837      |13137 |3118     |39.16         |1654716464|400      |\n",
      "|752  |0         |41.58      |13.3 |2.074 |0.047|1.93 |2.01 |937.537      |20695      |12790 |55       |8.198         |1655125060|426      |\n",
      "|23159|1         |54.16      |13.1 |2.043 |0.046|1.9  |1.98 |938.709      |19380      |12971 |1412     |24.34         |1654784502|413      |\n",
      "|12629|1         |46.87      |15.48|2.414 |0.055|2.25 |2.34 |938.97       |19464      |12836 |1042     |20.417        |1654745960|557      |\n",
      "|8254 |1         |56.23      |2.19 |0.342 |0.008|0.32 |0.33 |939.435      |19945      |13102 |324      |-4.452        |1654741585|400      |\n",
      "|4868 |1         |51.25      |15.4 |2.402 |0.054|2.24 |2.33 |939.696      |20209      |13262 |15       |21.85         |1654766211|400      |\n",
      "|20008|1         |47.55      |11.6 |1.809 |0.041|1.69 |1.75 |938.748      |19423      |12924 |1226     |27.06         |1654781351|406      |\n",
      "|541  |0         |49.89      |1.69 |0.263 |0.006|0.24 |0.25 |939.804      |19802      |12813 |11       |25.62         |1654733872|400      |\n",
      "|658  |0         |51.8       |1.99 |0.311 |0.007|0.29 |0.3  |939.812      |19818      |12868 |33       |12.71         |1654762001|400      |\n",
      "|3845 |0         |45.55      |10.91|1.701 |0.038|1.58 |1.65 |937.325      |21178      |13298 |0        |24.75         |1654716032|400      |\n",
      "|6266 |1         |48.93      |6.37 |0.994 |0.022|0.93 |0.96 |939.644      |20096      |13169 |175      |-7.83         |1654739597|400      |\n",
      "|3854 |0         |46.39      |11.81|1.842 |0.042|1.72 |1.78 |937.163      |21133      |13271 |16       |24.49         |1654716041|400      |\n",
      "|16623|1         |52.06      |11.92|1.859 |0.042|1.73 |1.8  |938.774      |19445      |12896 |1122     |26.2          |1654777966|400      |\n",
      "|20756|1         |53.23      |15.82|2.466 |0.056|2.3  |2.39 |938.719      |19419      |12962 |1210     |24.41         |1654782099|400      |\n",
      "|5344 |0         |12.0       |95.63|17.089|1.68 |14.39|16.33|936.711      |19282      |13190 |11588    |56.22         |1654717531|400      |\n",
      "|4360 |0         |27.06      |3.96 |0.617 |0.014|0.57 |0.6  |936.879      |19191      |12795 |12050    |20.79         |1655128668|443      |\n",
      "|20104|1         |51.74      |10.18|1.588 |0.036|1.48 |1.54 |938.711      |19449      |12942 |1136     |15.607        |1654753435|400      |\n",
      "|23611|1         |47.69      |11.31|1.763 |0.04 |1.64 |1.71 |938.699      |19369      |12963 |1434     |-19.738       |1654756942|422      |\n",
      "|4604 |0         |16.13      |5.58 |0.87  |0.02 |0.81 |0.84 |936.903      |18613      |12572 |40870    |57.98         |1654716791|856      |\n",
      "+-----+----------+-----------+-----+------+-----+-----+-----+-------------+-----------+------+---------+--------------+----------+---------+\n",
      "only showing top 20 rows\n",
      "\n"
     ]
    }
   ],
   "source": [
    "json_schema_df = spark.read.json(json_df.rdd.map(lambda row: row.value))\n",
    "json_schema_df.show(truncate=False)"
   ]
  },
  {
   "cell_type": "markdown",
   "metadata": {},
   "source": [
    "### `Cleaning` & `Transforming` DataFrame \n",
    "#### Changing `datatypes`\n",
    "#### Creating `User Defined Function` to change UTC number to datetime"
   ]
  },
  {
   "cell_type": "code",
   "execution_count": 8,
   "metadata": {},
   "outputs": [
    {
     "data": {
      "text/plain": [
       "['CNT',\n",
       " 'Fire Alarm',\n",
       " 'Humidity[%]',\n",
       " 'NC0.5',\n",
       " 'NC1.0',\n",
       " 'NC2.5',\n",
       " 'PM1.0',\n",
       " 'PM2.5',\n",
       " 'Pressure[hPa]',\n",
       " 'Raw Ethanol',\n",
       " 'Raw H2',\n",
       " 'TVOC[ppb]',\n",
       " 'Temperature[C]',\n",
       " 'UTC',\n",
       " 'eCO2[ppm]']"
      ]
     },
     "execution_count": 8,
     "metadata": {},
     "output_type": "execute_result"
    }
   ],
   "source": [
    "json_schema_df.columns"
   ]
  },
  {
   "cell_type": "code",
   "execution_count": 9,
   "metadata": {},
   "outputs": [
    {
     "name": "stdout",
     "output_type": "stream",
     "text": [
      "root\n",
      " |-- CNT: long (nullable = true)\n",
      " |-- Fire Alarm: long (nullable = true)\n",
      " |-- Humidity[%]: double (nullable = true)\n",
      " |-- NC0.5: double (nullable = true)\n",
      " |-- NC1.0: double (nullable = true)\n",
      " |-- NC2.5: double (nullable = true)\n",
      " |-- PM1.0: double (nullable = true)\n",
      " |-- PM2.5: double (nullable = true)\n",
      " |-- Pressure[hPa]: double (nullable = true)\n",
      " |-- Raw Ethanol: long (nullable = true)\n",
      " |-- Raw H2: long (nullable = true)\n",
      " |-- TVOC[ppb]: long (nullable = true)\n",
      " |-- Temperature[C]: double (nullable = true)\n",
      " |-- UTC: long (nullable = true)\n",
      " |-- eCO2[ppm]: long (nullable = true)\n",
      "\n"
     ]
    }
   ],
   "source": [
    "json_schema_df.printSchema()"
   ]
  },
  {
   "cell_type": "code",
   "execution_count": 10,
   "metadata": {},
   "outputs": [
    {
     "name": "stdout",
     "output_type": "stream",
     "text": [
      "+----------+--------------+-----------+---------+---------+------+-----------+-------------+-----+-----+-----+------+-----+-----+----------+\n",
      "|       UTC|Temperature[C]|Humidity[%]|TVOC[ppb]|eCO2[ppm]|Raw H2|Raw Ethanol|Pressure[hPa]|PM1.0|PM2.5|NC0.5| NC1.0|NC2.5|  CNT|Fire Alarm|\n",
      "+----------+--------------+-----------+---------+---------+------+-----------+-------------+-----+-----+-----+------+-----+-----+----------+\n",
      "|1654753115|        18.363|      52.94|     1195|      400| 12927|      19427|      938.708| 1.78| 1.85|12.27| 1.913|0.043|19784|         1|\n",
      "|1654716464|         39.16|      34.92|     3118|      400| 13137|      19837|       936.86| 1.04| 1.08| 7.17| 1.118|0.025| 4277|         0|\n",
      "|1655125060|         8.198|      41.58|       55|      426| 12790|      20695|      937.537| 1.93| 2.01| 13.3| 2.074|0.047|  752|         0|\n",
      "|1654784502|         24.34|      54.16|     1412|      413| 12971|      19380|      938.709|  1.9| 1.98| 13.1| 2.043|0.046|23159|         1|\n",
      "|1654745960|        20.417|      46.87|     1042|      557| 12836|      19464|       938.97| 2.25| 2.34|15.48| 2.414|0.055|12629|         1|\n",
      "|1654741585|        -4.452|      56.23|      324|      400| 13102|      19945|      939.435| 0.32| 0.33| 2.19| 0.342|0.008| 8254|         1|\n",
      "|1654766211|         21.85|      51.25|       15|      400| 13262|      20209|      939.696| 2.24| 2.33| 15.4| 2.402|0.054| 4868|         1|\n",
      "|1654781351|         27.06|      47.55|     1226|      406| 12924|      19423|      938.748| 1.69| 1.75| 11.6| 1.809|0.041|20008|         1|\n",
      "|1654733872|         25.62|      49.89|       11|      400| 12813|      19802|      939.804| 0.24| 0.25| 1.69| 0.263|0.006|  541|         0|\n",
      "|1654762001|         12.71|       51.8|       33|      400| 12868|      19818|      939.812| 0.29|  0.3| 1.99| 0.311|0.007|  658|         0|\n",
      "|1654716032|         24.75|      45.55|        0|      400| 13298|      21178|      937.325| 1.58| 1.65|10.91| 1.701|0.038| 3845|         0|\n",
      "|1654739597|         -7.83|      48.93|      175|      400| 13169|      20096|      939.644| 0.93| 0.96| 6.37| 0.994|0.022| 6266|         1|\n",
      "|1654716041|         24.49|      46.39|       16|      400| 13271|      21133|      937.163| 1.72| 1.78|11.81| 1.842|0.042| 3854|         0|\n",
      "|1654777966|          26.2|      52.06|     1122|      400| 12896|      19445|      938.774| 1.73|  1.8|11.92| 1.859|0.042|16623|         1|\n",
      "|1654782099|         24.41|      53.23|     1210|      400| 12962|      19419|      938.719|  2.3| 2.39|15.82| 2.466|0.056|20756|         1|\n",
      "|1654717531|         56.22|       12.0|    11588|      400| 13190|      19282|      936.711|14.39|16.33|95.63|17.089| 1.68| 5344|         0|\n",
      "|1655128668|         20.79|      27.06|    12050|      443| 12795|      19191|      936.879| 0.57|  0.6| 3.96| 0.617|0.014| 4360|         0|\n",
      "|1654753435|        15.607|      51.74|     1136|      400| 12942|      19449|      938.711| 1.48| 1.54|10.18| 1.588|0.036|20104|         1|\n",
      "|1654756942|       -19.738|      47.69|     1434|      422| 12963|      19369|      938.699| 1.64| 1.71|11.31| 1.763| 0.04|23611|         1|\n",
      "|1654716791|         57.98|      16.13|    40870|      856| 12572|      18613|      936.903| 0.81| 0.84| 5.58|  0.87| 0.02| 4604|         0|\n",
      "+----------+--------------+-----------+---------+---------+------+-----------+-------------+-----+-----+-----+------+-----+-----+----------+\n",
      "only showing top 20 rows\n",
      "\n"
     ]
    }
   ],
   "source": [
    "json_schema_df = json_schema_df.select(\"UTC\",\"Temperature[C]\",\"Humidity[%]\",\n",
    "                      \"TVOC[ppb]\",\"eCO2[ppm]\",\"Raw H2\",\n",
    "                      \"Raw Ethanol\",\"Pressure[hPa]\",'`PM1.0`',\n",
    "                      \"`PM2.5`\",\"`NC0.5`\",\"`NC1.0`\",\"`NC2.5`\",\"CNT\",\"Fire Alarm\")\n",
    "\n",
    "json_schema_df.show()"
   ]
  },
  {
   "cell_type": "code",
   "execution_count": 11,
   "metadata": {},
   "outputs": [],
   "source": [
    "json_schema_df = json_schema_df.withColumn(\"UTC\", col(\"UTC\").cast(\"int\")) \\\n",
    "                .withColumn(\"Temperature[C]\", col(\"Temperature[C]\").cast(DecimalType(5,2))) \\\n",
    "                .withColumn(\"Humidity[%]\", col(\"Humidity[%]\").cast(DecimalType(5,2))) \\\n",
    "                .withColumn(\"TVOC[ppb]\", col(\"TVOC[ppb]\").cast(\"int\")) \\\n",
    "                .withColumn(\"eCO2[ppm]\", col(\"eCO2[ppm]\").cast(\"int\")) \\\n",
    "                .withColumn(\"Raw H2\", col(\"Raw H2\").cast(\"int\")) \\\n",
    "                .withColumn(\"Raw Ethanol\", col(\"Raw Ethanol\").cast(\"int\")) \\\n",
    "                .withColumn(\"Pressure[hPa]\", col(\"Pressure[hPa]\").cast(DecimalType(5,2))) \\\n",
    "                .withColumn(\"PM1.0\", col(\"`PM1.0`\").cast(DecimalType(5,2))) \\\n",
    "                .withColumn(\"PM2.5\", col(\"`PM2.5`\").cast(DecimalType(5,2))) \\\n",
    "                .withColumn(\"NC0.5\", col(\"`NC0.5`\").cast(DecimalType(5,2))) \\\n",
    "                .withColumn(\"NC1.0\", col(\"`NC1.0`\").cast(DecimalType(5,2))) \\\n",
    "                .withColumn(\"NC2.5\", col(\"`NC2.5`\").cast(DecimalType(5,2))) \\\n",
    "                .withColumn(\"CNT\", col(\"CNT\").cast(\"int\")) \\\n",
    "                .withColumn(\"Fire Alarm\", col(\"Fire Alarm\").cast(\"int\")) \n"
   ]
  },
  {
   "cell_type": "code",
   "execution_count": 12,
   "metadata": {},
   "outputs": [],
   "source": [
    "def to_date(n):\n",
    "    return datetime.fromtimestamp(n).strftime('%Y-%m-%d %H:%M:%S')\n",
    "\n",
    "ToDateUDF = udf(lambda z:to_date(z))   \n"
   ]
  },
  {
   "cell_type": "code",
   "execution_count": 13,
   "metadata": {},
   "outputs": [],
   "source": [
    "json_schema_df = json_schema_df.withColumn(\"UTC\", ToDateUDF(\"UTC\"))"
   ]
  },
  {
   "cell_type": "code",
   "execution_count": 14,
   "metadata": {},
   "outputs": [
    {
     "name": "stdout",
     "output_type": "stream",
     "text": [
      "root\n",
      " |-- UTC: string (nullable = true)\n",
      " |-- Temperature[C]: decimal(5,2) (nullable = true)\n",
      " |-- Humidity[%]: decimal(5,2) (nullable = true)\n",
      " |-- TVOC[ppb]: integer (nullable = true)\n",
      " |-- eCO2[ppm]: integer (nullable = true)\n",
      " |-- Raw H2: integer (nullable = true)\n",
      " |-- Raw Ethanol: integer (nullable = true)\n",
      " |-- Pressure[hPa]: decimal(5,2) (nullable = true)\n",
      " |-- PM1.0: decimal(5,2) (nullable = true)\n",
      " |-- PM2.5: decimal(5,2) (nullable = true)\n",
      " |-- NC0.5: decimal(5,2) (nullable = true)\n",
      " |-- NC1.0: decimal(5,2) (nullable = true)\n",
      " |-- NC2.5: decimal(5,2) (nullable = true)\n",
      " |-- CNT: integer (nullable = true)\n",
      " |-- Fire Alarm: integer (nullable = true)\n",
      "\n"
     ]
    }
   ],
   "source": [
    "json_schema_df.printSchema()"
   ]
  },
  {
   "cell_type": "code",
   "execution_count": 15,
   "metadata": {},
   "outputs": [
    {
     "name": "stdout",
     "output_type": "stream",
     "text": [
      "+-------------------+--------------+-----------+---------+---------+------+-----------+-------------+-----+-----+-----+-----+-----+-----+----------+\n",
      "|                UTC|Temperature[C]|Humidity[%]|TVOC[ppb]|eCO2[ppm]|Raw H2|Raw Ethanol|Pressure[hPa]|PM1.0|PM2.5|NC0.5|NC1.0|NC2.5|  CNT|Fire Alarm|\n",
      "+-------------------+--------------+-----------+---------+---------+------+-----------+-------------+-----+-----+-----+-----+-----+-----+----------+\n",
      "|2022-06-09 07:38:35|         18.36|      52.94|     1195|      400| 12927|      19427|       938.71| 1.78| 1.85|12.27| 1.91| 0.04|19784|         1|\n",
      "|2022-06-08 21:27:44|         39.16|      34.92|     3118|      400| 13137|      19837|       936.86| 1.04| 1.08| 7.17| 1.12| 0.03| 4277|         0|\n",
      "|2022-06-13 14:57:40|          8.20|      41.58|       55|      426| 12790|      20695|       937.54| 1.93| 2.01|13.30| 2.07| 0.05|  752|         0|\n",
      "|2022-06-09 16:21:42|         24.34|      54.16|     1412|      413| 12971|      19380|       938.71| 1.90| 1.98|13.10| 2.04| 0.05|23159|         1|\n",
      "|2022-06-09 05:39:20|         20.42|      46.87|     1042|      557| 12836|      19464|       938.97| 2.25| 2.34|15.48| 2.41| 0.06|12629|         1|\n",
      "|2022-06-09 04:26:25|         -4.45|      56.23|      324|      400| 13102|      19945|       939.44| 0.32| 0.33| 2.19| 0.34| 0.01| 8254|         1|\n",
      "|2022-06-09 11:16:51|         21.85|      51.25|       15|      400| 13262|      20209|       939.70| 2.24| 2.33|15.40| 2.40| 0.05| 4868|         1|\n",
      "|2022-06-09 15:29:11|         27.06|      47.55|     1226|      406| 12924|      19423|       938.75| 1.69| 1.75|11.60| 1.81| 0.04|20008|         1|\n",
      "|2022-06-09 02:17:52|         25.62|      49.89|       11|      400| 12813|      19802|       939.80| 0.24| 0.25| 1.69| 0.26| 0.01|  541|         0|\n",
      "|2022-06-09 10:06:41|         12.71|      51.80|       33|      400| 12868|      19818|       939.81| 0.29| 0.30| 1.99| 0.31| 0.01|  658|         0|\n",
      "|2022-06-08 21:20:32|         24.75|      45.55|        0|      400| 13298|      21178|       937.33| 1.58| 1.65|10.91| 1.70| 0.04| 3845|         0|\n",
      "|2022-06-09 03:53:17|         -7.83|      48.93|      175|      400| 13169|      20096|       939.64| 0.93| 0.96| 6.37| 0.99| 0.02| 6266|         1|\n",
      "|2022-06-08 21:20:41|         24.49|      46.39|       16|      400| 13271|      21133|       937.16| 1.72| 1.78|11.81| 1.84| 0.04| 3854|         0|\n",
      "|2022-06-09 14:32:46|         26.20|      52.06|     1122|      400| 12896|      19445|       938.77| 1.73| 1.80|11.92| 1.86| 0.04|16623|         1|\n",
      "|2022-06-09 15:41:39|         24.41|      53.23|     1210|      400| 12962|      19419|       938.72| 2.30| 2.39|15.82| 2.47| 0.06|20756|         1|\n",
      "|2022-06-08 21:45:31|         56.22|      12.00|    11588|      400| 13190|      19282|       936.71|14.39|16.33|95.63|17.09| 1.68| 5344|         0|\n",
      "|2022-06-13 15:57:48|         20.79|      27.06|    12050|      443| 12795|      19191|       936.88| 0.57| 0.60| 3.96| 0.62| 0.01| 4360|         0|\n",
      "|2022-06-09 07:43:55|         15.61|      51.74|     1136|      400| 12942|      19449|       938.71| 1.48| 1.54|10.18| 1.59| 0.04|20104|         1|\n",
      "|2022-06-09 08:42:22|        -19.74|      47.69|     1434|      422| 12963|      19369|       938.70| 1.64| 1.71|11.31| 1.76| 0.04|23611|         1|\n",
      "|2022-06-08 21:33:11|         57.98|      16.13|    40870|      856| 12572|      18613|       936.90| 0.81| 0.84| 5.58| 0.87| 0.02| 4604|         0|\n",
      "+-------------------+--------------+-----------+---------+---------+------+-----------+-------------+-----+-----+-----+-----+-----+-----+----------+\n",
      "only showing top 20 rows\n",
      "\n"
     ]
    }
   ],
   "source": [
    "json_schema_df.show()"
   ]
  },
  {
   "cell_type": "markdown",
   "metadata": {},
   "source": [
    "### Spliting Streaming DataFrames and streaming Datasets from Kafka into `DataFrameFireAlarmOn & DataFrameFireAlarmOff`"
   ]
  },
  {
   "cell_type": "code",
   "execution_count": 16,
   "metadata": {},
   "outputs": [],
   "source": [
    "dfSDDFireAlarmOn = json_schema_df.filter(col(\"Fire Alarm\") == 1)\n",
    "dfSDDFireAlarmOff = json_schema_df.filter(col(\"Fire Alarm\") == 0)"
   ]
  },
  {
   "cell_type": "code",
   "execution_count": 17,
   "metadata": {},
   "outputs": [
    {
     "name": "stdout",
     "output_type": "stream",
     "text": [
      "+-------------------+--------------+-----------+---------+---------+------+-----------+-------------+-----+-----+-----+-----+-----+-----+----------+\n",
      "|                UTC|Temperature[C]|Humidity[%]|TVOC[ppb]|eCO2[ppm]|Raw H2|Raw Ethanol|Pressure[hPa]|PM1.0|PM2.5|NC0.5|NC1.0|NC2.5|  CNT|Fire Alarm|\n",
      "+-------------------+--------------+-----------+---------+---------+------+-----------+-------------+-----+-----+-----+-----+-----+-----+----------+\n",
      "|2022-06-09 07:38:35|         18.36|      52.94|     1195|      400| 12927|      19427|       938.71| 1.78| 1.85|12.27| 1.91| 0.04|19784|         1|\n",
      "|2022-06-09 16:21:42|         24.34|      54.16|     1412|      413| 12971|      19380|       938.71| 1.90| 1.98|13.10| 2.04| 0.05|23159|         1|\n",
      "|2022-06-09 05:39:20|         20.42|      46.87|     1042|      557| 12836|      19464|       938.97| 2.25| 2.34|15.48| 2.41| 0.06|12629|         1|\n",
      "|2022-06-09 04:26:25|         -4.45|      56.23|      324|      400| 13102|      19945|       939.44| 0.32| 0.33| 2.19| 0.34| 0.01| 8254|         1|\n",
      "|2022-06-09 11:16:51|         21.85|      51.25|       15|      400| 13262|      20209|       939.70| 2.24| 2.33|15.40| 2.40| 0.05| 4868|         1|\n",
      "|2022-06-09 15:29:11|         27.06|      47.55|     1226|      406| 12924|      19423|       938.75| 1.69| 1.75|11.60| 1.81| 0.04|20008|         1|\n",
      "|2022-06-09 03:53:17|         -7.83|      48.93|      175|      400| 13169|      20096|       939.64| 0.93| 0.96| 6.37| 0.99| 0.02| 6266|         1|\n",
      "|2022-06-09 14:32:46|         26.20|      52.06|     1122|      400| 12896|      19445|       938.77| 1.73| 1.80|11.92| 1.86| 0.04|16623|         1|\n",
      "|2022-06-09 15:41:39|         24.41|      53.23|     1210|      400| 12962|      19419|       938.72| 2.30| 2.39|15.82| 2.47| 0.06|20756|         1|\n",
      "|2022-06-09 07:43:55|         15.61|      51.74|     1136|      400| 12942|      19449|       938.71| 1.48| 1.54|10.18| 1.59| 0.04|20104|         1|\n",
      "|2022-06-09 08:42:22|        -19.74|      47.69|     1434|      422| 12963|      19369|       938.70| 1.64| 1.71|11.31| 1.76| 0.04|23611|         1|\n",
      "|2022-06-09 06:14:15|         14.24|      47.21|     1120|      455| 12864|      19443|       938.86| 1.60| 1.66|10.99| 1.71| 0.04|14724|         1|\n",
      "|2022-06-09 11:07:37|         19.95|      53.55|      119|      400| 13223|      20102|       939.65| 2.07| 2.15|14.27| 2.23| 0.05| 4314|         1|\n",
      "|2022-06-09 15:15:18|         25.17|      50.41|     1239|      410| 12916|      19418|       938.72| 1.36| 1.42| 9.39| 1.46| 0.03|19175|         1|\n",
      "|2022-06-09 03:10:45|          2.79|      54.11|      253|      400| 13140|      19958|       939.68| 1.26| 1.31| 8.69| 1.36| 0.03| 3714|         1|\n",
      "|2022-06-09 08:30:01|        -21.45|      49.16|     1346|      400| 12975|      19394|       938.73| 1.89| 1.96|13.01| 2.03| 0.05|22870|         1|\n",
      "|2022-06-09 06:05:19|         16.80|      47.03|     1063|      480| 12868|      19473|       938.89| 1.67| 1.73|11.48| 1.79| 0.04|14188|         1|\n",
      "|2022-06-09 16:30:01|         26.83|      48.28|     1341|      400| 12982|      19393|       938.72| 1.58| 1.64|10.89| 1.70| 0.04|23658|         1|\n",
      "|2022-06-09 16:01:07|         26.95|      47.77|     1375|      402| 12964|      19397|       938.73| 1.94| 2.01|13.32| 2.08| 0.05|21924|         1|\n",
      "|2022-06-09 15:10:30|         24.66|      53.18|     1170|      401| 12913|      19441|       938.70| 1.44| 1.49| 9.89| 1.54| 0.04|18887|         1|\n",
      "+-------------------+--------------+-----------+---------+---------+------+-----------+-------------+-----+-----+-----+-----+-----+-----+----------+\n",
      "only showing top 20 rows\n",
      "\n"
     ]
    }
   ],
   "source": [
    "dfSDDFireAlarmOn.show()"
   ]
  },
  {
   "cell_type": "code",
   "execution_count": 18,
   "metadata": {},
   "outputs": [
    {
     "name": "stdout",
     "output_type": "stream",
     "text": [
      "+-------------------+--------------+-----------+---------+---------+------+-----------+-------------+-----+-----+-----+-----+-----+----+----------+\n",
      "|                UTC|Temperature[C]|Humidity[%]|TVOC[ppb]|eCO2[ppm]|Raw H2|Raw Ethanol|Pressure[hPa]|PM1.0|PM2.5|NC0.5|NC1.0|NC2.5| CNT|Fire Alarm|\n",
      "+-------------------+--------------+-----------+---------+---------+------+-----------+-------------+-----+-----+-----+-----+-----+----+----------+\n",
      "|2022-06-08 21:27:44|         39.16|      34.92|     3118|      400| 13137|      19837|       936.86| 1.04| 1.08| 7.17| 1.12| 0.03|4277|         0|\n",
      "|2022-06-13 14:57:40|          8.20|      41.58|       55|      426| 12790|      20695|       937.54| 1.93| 2.01|13.30| 2.07| 0.05| 752|         0|\n",
      "|2022-06-09 02:17:52|         25.62|      49.89|       11|      400| 12813|      19802|       939.80| 0.24| 0.25| 1.69| 0.26| 0.01| 541|         0|\n",
      "|2022-06-09 10:06:41|         12.71|      51.80|       33|      400| 12868|      19818|       939.81| 0.29| 0.30| 1.99| 0.31| 0.01| 658|         0|\n",
      "|2022-06-08 21:20:32|         24.75|      45.55|        0|      400| 13298|      21178|       937.33| 1.58| 1.65|10.91| 1.70| 0.04|3845|         0|\n",
      "|2022-06-08 21:20:41|         24.49|      46.39|       16|      400| 13271|      21133|       937.16| 1.72| 1.78|11.81| 1.84| 0.04|3854|         0|\n",
      "|2022-06-08 21:45:31|         56.22|      12.00|    11588|      400| 13190|      19282|       936.71|14.39|16.33|95.63|17.09| 1.68|5344|         0|\n",
      "|2022-06-13 15:57:48|         20.79|      27.06|    12050|      443| 12795|      19191|       936.88| 0.57| 0.60| 3.96| 0.62| 0.01|4360|         0|\n",
      "|2022-06-08 21:33:11|         57.98|      16.13|    40870|      856| 12572|      18613|       936.90| 0.81| 0.84| 5.58| 0.87| 0.02|4604|         0|\n",
      "|2022-06-13 15:37:53|         18.77|      42.49|      199|      431| 12774|      20529|       937.37| 1.68| 1.75|11.58| 1.81| 0.04|3165|         0|\n",
      "|2022-06-08 21:10:26|         26.44|      46.61|      202|      436| 12769|      20522|       937.39| 1.56| 1.62|10.74| 1.68| 0.04|3239|         0|\n",
      "|2022-06-09 02:25:38|         27.12|      53.41|       20|      400| 13025|      19927|       939.74| 0.31| 0.32| 2.12| 0.33| 0.01|1007|         0|\n",
      "|2022-06-09 02:16:49|         25.19|      50.02|        8|      400| 12777|      19790|       939.83| 0.10| 0.12| 0.67| 0.13| 0.02| 478|         0|\n",
      "|2022-06-09 10:35:56|         17.65|      53.50|       45|      400| 13193|      20109|       939.60| 1.07| 1.11| 7.38| 1.15| 0.03|2413|         0|\n",
      "|2022-06-09 02:15:32|         24.60|      55.00|        1|      400| 12731|      19763|       939.85| 0.19| 0.24| 1.20| 0.26| 0.05| 401|         0|\n",
      "|2022-06-13 15:01:00|         -1.96|      40.42|       56|      400| 12790|      20694|       937.53| 1.95| 2.02|13.39| 2.09| 0.05| 952|         0|\n",
      "|2022-06-08 20:23:14|         29.56|      39.83|       65|      403| 12834|      20699|       937.52| 1.96| 2.03|13.47| 2.10| 0.05| 407|         0|\n",
      "|2022-06-13 15:28:33|         10.08|      46.85|      153|      407| 12787|      20572|       937.33| 1.74| 1.81|11.97| 1.87| 0.04|2605|         0|\n",
      "|2022-06-08 20:36:15|         29.10|      40.79|       71|      400| 12787|      20654|       937.49| 1.94| 2.02|13.36| 2.08| 0.05|1188|         0|\n",
      "|2022-06-09 02:29:08|         26.94|      49.82|       26|      400| 13049|      19930|       939.75| 0.41| 0.42| 2.79| 0.44| 0.01|1217|         0|\n",
